name: git-training
channels:
  - conda-forge
  - defaults
dependencies:
  - ca-certificates=2022.12.7=h5b45459_0
  - libsqlite=3.40.0=hcfcfb64_0
  - openssl=1.1.1s=hcfcfb64_1
  - pip=22.3.1=pyhd8ed1ab_0
  - python=3.8.0=hc9e8b01_5
  - setuptools=65.5.1=pyhd8ed1ab_0
  - sqlite=3.40.0=hcfcfb64_0
  - ucrt=10.0.22621.0=h57928b3_0
  - vc=14.3=h3d8a991_9
  - vs2015_runtime=14.32.31332=h1d6e394_9
  - wheel=0.38.4=pyhd8ed1ab_0
prefix: C:\Users\zl\miniconda3\envs\git-training
